peth_time,r_squared,r_squared_adj,n_trials,Intercept_beta,Intercept_se,Intercept_tstat,Intercept_pvalue,C(Q_diff_bin)[T.1]_beta,C(Q_diff_bin)[T.1]_se,C(Q_diff_bin)[T.1]_tstat,C(Q_diff_bin)[T.1]_pvalue,C(Q_diff_bin)[T.2]_beta,C(Q_diff_bin)[T.2]_se,C(Q_diff_bin)[T.2]_tstat,C(Q_diff_bin)[T.2]_pvalue,C(Q_diff_bin)[T.3]_beta,C(Q_diff_bin)[T.3]_se,C(Q_diff_bin)[T.3]_tstat,C(Q_diff_bin)[T.3]_pvalue,C(Q_diff_bin)[T.4]_beta,C(Q_diff_bin)[T.4]_se,C(Q_diff_bin)[T.4]_tstat,C(Q_diff_bin)[T.4]_pvalue,Reward_beta,Reward_se,Reward_tstat,Reward_pvalue,Q_chosen_beta,Q_chosen_se,Q_chosen_tstat,Q_chosen_pvalue,RPE_abs_beta,RPE_abs_se,RPE_abs_tstat,RPE_abs_pvalue,Port_beta,Port_se,Port_tstat,Port_pvalue
-2.16,0.069932566203733,0.06941243062383995,14314,0.15949532280653947,0.023305317639057552,6.843730914838083,8.029546283883743e-12,-0.009562333313757002,0.03154957736819417,-0.30308910963089486,0.7618263606743304,-0.0041503914907021445,0.035353501441647735,-0.11739690048954612,0.9065471882911394,-0.09179148990874002,0.036059884604950306,-2.5455292193624732,0.01092162440050162,0.0008895061061279831,0.03798632875185809,0.023416479964110067,0.9813183861097297,0.008080119906188449,0.0098028258024182,0.8242643569362634,0.40980310919706364,0.29556647383009454,0.012412037466413757,23.812889272198866,5.9779308123890934e-123,-0.007886398803465144,0.009767730631667694,-0.807393150042126,0.4194534365915151,-0.0007143867564272868,0.011339016359243073,-0.0630025333586321,0.9497653672501856
-2.106,0.05895076303501978,0.05838309647675399,13271,0.1577880748314065,0.024407564982042187,6.464720054929639,1.0503982623193158e-10,-0.04023604708557987,0.03306640329095637,-1.2168256320935995,0.22369221937184328,-0.011711202042202934,0.03691045203238597,-0.31728687668000627,0.7510309289981979,-0.07365264777762263,0.037472964386931144,-1.9654876250812254,0.04937866190571347,-0.0008154249391388463,0.03982143410744522,-0.02047703598365359,0.9836631389186932,-0.01098178687205763,0.010184752326364536,-1.0782576267102606,0.280938412528865,0.27102094681207534,0.01292479095886916,20.969077772673547,4.518710854103154e-96,-0.0035576239052773117,0.010175913199598988,-0.3496122495834094,0.7266352678675332,-0.010375830145721722,0.011622361709525715,-0.8927471373755015,0.3720087995653605
-2.052,0.058582087676825934,0.05796963396465327,12306,0.13850878417182944,0.02490269678110068,5.561999384618756,2.7226970741656675e-08,-0.03290940104641151,0.0337776667131139,-0.9742946819246905,0.3299294091829543,-0.0077717091031924875,0.03766134996074357,-0.20635768795577836,0.8365149359388913,-0.07018777122376757,0.038101931235838674,-1.842105346034244,0.06548380443199696,-0.002765663133628068,0.0408124401513677,-0.06776519912484051,0.9459736488621211,0.01372044707149583,0.010379736110953308,1.3218493153228825,0.18624292178855778,0.2546111110717565,0.013160428927632169,19.346718292529562,3.596340849852228e-82,-0.004712197666617249,0.010373456812360935,-0.4542552932791149,0.6496531072650725,-0.03019827341615996,0.011698004531143896,-2.5814892903966933,0.009848970769724977
-1.998,0.056699405009784654,0.05603104926096503,11300,0.18180999203466153,0.023961109956898572,7.587711602747232,3.511983781693026e-14,-0.08500310203558081,0.03254821557123379,-2.6116055993775222,0.00902373746293042,-0.05378656023063977,0.03617688134869922,-1.4867660844561361,0.13710452440939944,-0.1273783563771485,0.03644835364948107,-3.494762962468184,0.0004763026798894845,-0.0862640796210937,0.03963240222619976,-2.176604868126494,0.029530712464591356,0.0070244060968300045,0.009995163946299106,0.7027804780962017,0.4822070537827404,0.2172574097697737,0.012667725893138101,17.15046659538619,4.15131172613931e-65,-0.014691699766547403,0.01000703445295186,-1.4681372224329323,0.1420948085455125,-0.029107757805410202,0.011062325609578812,-2.631251224444699,0.008518671884665712
-1.944,0.05141550198503353,0.05068144549595244,10347,0.20843008204202487,0.02438264777359439,8.54829565588639,1.4254984083687513e-17,-0.09985778970632435,0.03312107546863454,-3.0149319819306313,0.0025766070963617635,-0.09307922333048624,0.03660850501842887,-2.542557345175111,0.011018910736397571,-0.1377710294151296,0.03682547934040643,-3.7411876744795425,0.0001841433702012452,-0.10362079219019538,0.04055190469996764,-2.555263259687974,0.010624939219327008,-0.0011154981106613034,0.010156974100846481,-0.10982582997512398,0.9125496373180145,0.18438468551587464,0.012851465736903604,14.347366229706012,3.0722775646096036e-46,-0.027909231358391663,0.010200825559975417,-2.7359777102647485,0.006230139257519102,-0.04001633854636875,0.011038720362710525,-3.6250885276110805,0.0002902503406838146
-1.89,0.048026988213829336,0.047211855591086205,9352,0.18610630949783435,0.026080261942790815,7.135906453166527,1.0331163192610195e-12,-0.09373519576895832,0.03546682110732074,-2.642898146561276,0.008233689268335866,-0.09788425305898199,0.03890165817811822,-2.516197448725743,0.011879489925720937,-0.11859706155793989,0.03908352539192031,-3.034451482272306,0.002416361296544829,-0.07302912679022852,0.04345006175251653,-1.6807600229934962,0.09284296316338753,-0.006628687733062807,0.01081921482895453,-0.6126773372983613,0.5401046220059431,0.1771480520331678,0.013691890295503422,12.938173488823914,5.80095558574896e-38,-0.033616364688932095,0.010886619999315695,-3.087860574819837,0.002021939939941558,-0.04456040488774217,0.011555847740652901,-3.856091382286119,0.00011598755738543943
-1.836,0.053184374525839684,0.052373657946176544,9352,0.16574342749433557,0.02541050474364111,6.522634208429578,7.266411687889789e-11,-0.09000723296918856,0.034556011284179795,-2.604676570712751,0.009210667379170723,-0.053386528931730945,0.037902639622215344,-1.4085174400476383,0.15901118234105785,-0.09911388663281057,0.03807983637388786,-2.6027918203129423,0.00926141598193597,-0.032882716403070195,0.042334237389782654,-0.7767404925783881,0.43733155558345727,-0.0056981585955023905,0.010541370724599491,-0.5405519589786447,0.5888293239280875,0.20434756137386684,0.013340274114826361,15.318093137738096,2.4962628309596698e-52,-0.0009621215375663287,0.010607044888646059,-0.09070589854825618,0.9277282280358063,-0.03155310891405766,0.011259086449161366,-2.8024572914090995,0.005081936700881705
-1.782,0.047132006427211603,0.046101461077937333,7406,0.16866978211258288,0.029161464386911962,5.7839956140297275,7.591944931550924e-09,-0.1033092356884328,0.03942982535982309,-2.620078449388707,0.008808915530679558,-0.07114522658835329,0.042928100248375026,-1.6573113223440716,0.09749895624266453,-0.1155046882904819,0.043153582025398644,-2.6765956119818743,0.007453834460179919,-0.16920822574916014,0.04880357656268681,-3.4671275686489285,0.0005290436960591174,-0.023261532954365557,0.012027517636693859,-1.9340260939130678,0.0531480171455204,0.20107227739880484,0.015205841826140425,13.22335716087357,1.800065358760968e-39,-0.005686416615996035,0.012181267420144025,-0.46681649945493126,0.6406449188071395,-0.016079834008218472,0.012361110652418688,-1.3008405523068547,0.1933535594345149
-1.728,,,6386,,,,,,,,,,,,,,,,,,,,,,,,,,,,,,,,,,,,
-1.674,,,5384,,,,,,,,,,,,,,,,,,,,,,,,,,,,,,,,,,,,
-1.6199999999999999,,,4296,,,,,,,,,,,,,,,,,,,,,,,,,,,,,,,,,,,,
-1.566,,,3317,,,,,,,,,,,,,,,,,,,,,,,,,,,,,,,,,,,,
-1.512,,,2325,,,,,,,,,,,,,,,,,,,,,,,,,,,,,,,,,,,,
-1.458,,,1396,,,,,,,,,,,,,,,,,,,,,,,,,,,,,,,,,,,,
-1.404,,,617,,,,,,,,,,,,,,,,,,,,,,,,,,,,,,,,,,,,
-1.35,,,617,,,,,,,,,,,,,,,,,,,,,,,,,,,,,,,,,,,,
-1.296,,,91,,,,,,,,,,,,,,,,,,,,,,,,,,,,,,,,,,,,
-1.242,,,84,,,,,,,,,,,,,,,,,,,,,,,,,,,,,,,,,,,,
-1.188,,,84,,,,,,,,,,,,,,,,,,,,,,,,,,,,,,,,,,,,
-1.134,,,84,,,,,,,,,,,,,,,,,,,,,,,,,,,,,,,,,,,,
-1.08,,,84,,,,,,,,,,,,,,,,,,,,,,,,,,,,,,,,,,,,
-1.026,,,84,,,,,,,,,,,,,,,,,,,,,,,,,,,,,,,,,,,,
-0.972,,,84,,,,,,,,,,,,,,,,,,,,,,,,,,,,,,,,,,,,
-0.918,,,84,,,,,,,,,,,,,,,,,,,,,,,,,,,,,,,,,,,,
-0.864,,,84,,,,,,,,,,,,,,,,,,,,,,,,,,,,,,,,,,,,
-0.8099999999999999,,,84,,,,,,,,,,,,,,,,,,,,,,,,,,,,,,,,,,,,
-0.756,,,84,,,,,,,,,,,,,,,,,,,,,,,,,,,,,,,,,,,,
-0.702,,,84,,,,,,,,,,,,,,,,,,,,,,,,,,,,,,,,,,,,
-0.648,,,84,,,,,,,,,,,,,,,,,,,,,,,,,,,,,,,,,,,,
-0.594,,,84,,,,,,,,,,,,,,,,,,,,,,,,,,,,,,,,,,,,
-0.54,,,84,,,,,,,,,,,,,,,,,,,,,,,,,,,,,,,,,,,,
-0.486,,,84,,,,,,,,,,,,,,,,,,,,,,,,,,,,,,,,,,,,
-0.432,,,84,,,,,,,,,,,,,,,,,,,,,,,,,,,,,,,,,,,,
-0.378,,,84,,,,,,,,,,,,,,,,,,,,,,,,,,,,,,,,,,,,
-0.324,,,84,,,,,,,,,,,,,,,,,,,,,,,,,,,,,,,,,,,,
-0.27,,,84,,,,,,,,,,,,,,,,,,,,,,,,,,,,,,,,,,,,
-0.216,,,84,,,,,,,,,,,,,,,,,,,,,,,,,,,,,,,,,,,,
-0.162,,,84,,,,,,,,,,,,,,,,,,,,,,,,,,,,,,,,,,,,
-0.108,,,84,,,,,,,,,,,,,,,,,,,,,,,,,,,,,,,,,,,,
-0.054,,,84,,,,,,,,,,,,,,,,,,,,,,,,,,,,,,,,,,,,
0.0,0.014753976397503088,0.014553253972403368,39277,0.0524935076848609,0.015045047800220071,3.489088793994596,0.00048520090811238496,0.007230839274602754,0.020146684434495656,0.35890964084501814,0.7196646167985103,-0.025740215830961574,0.021854111311082936,-1.1778202949807375,0.23887539396071283,0.06309183869425866,0.021414557229133498,2.9462126169214082,0.0032188007025119965,0.042761557427073535,0.02152602391877752,1.9865051524806627,0.04698420034976052,0.011206046384419313,0.006100169172338361,1.8370058383354193,0.06621658630189264,0.12244855366880195,0.007271537197249462,16.83943165622799,2.0952894340120537e-63,-0.005142955289237611,0.0060182852831556985,-0.8545549184303362,0.3928028073537727,0.022369926482178684,0.00710458151048846,3.148662092081577,0.0016414254191442976
0.054,0.013617828984802682,0.013416711200927578,39245,0.14924617404023025,0.015181823336501438,9.83058297624896,8.833295925848868e-23,-0.033198489831280105,0.020330703211042214,-1.6329238338027094,0.10249304083484247,-0.08795728514137112,0.022056575414979,-3.9878033414760212,6.680867764059097e-05,-0.011139502822938675,0.02161468692265391,-0.5153672992257682,0.606299282535586,-0.003928716812425945,0.021724810494888645,-0.1808400958595373,0.8564940240260128,0.012258984445908788,0.006157355352970565,1.9909496436639056,0.04649334730690569,0.0973022026329092,0.007339626013202345,13.257106350907296,5.00524979951689e-40,-0.000278111985212307,0.006074250062973557,-0.04578540269647074,0.9634815265805003,0.06427256768858867,0.007171915028966169,8.961702338775973,3.3343687294855585e-19
0.108,0.014669087324087338,0.014467978861453235,39205,0.16741551833925594,0.015207446298371705,11.008785765508932,3.8120033905979725e-28,0.0112147767841386,0.02036697261584456,0.5506354329466729,0.58188675225046,-0.03382410767171863,0.022096474847740712,-1.5307467777004724,0.12584005811405324,0.01985013101824702,0.0216558570600796,0.9166171979791435,0.35934890866252867,0.013733741552499899,0.021768912436489044,0.6308878127268961,0.5281175596001259,0.017605247265765456,0.006169990181091934,2.8533671446864064,0.004328126489331857,0.10812407828213587,0.007354452431249188,14.701852964976005,8.463157460849799e-49,0.007345918337654114,0.006085889668413462,1.2070409977657597,0.2274236397359147,0.0746540286104579,0.00718843615291542,10.385294801593307,3.119372909123538e-25
0.162,0.017801677485783762,0.01759870725407575,38722,0.24118284187289013,0.015421525975397744,15.639362943566917,5.786732191450103e-55,0.023329604343595163,0.02061827801046571,1.131501104590461,0.25785124773634305,-0.06636111540468521,0.022410531218360213,-2.961157625318481,0.003066709628136262,0.06214949422734858,0.021974180006050573,2.8282964010595966,0.004682048910483219,0.03231379929010278,0.022050663383623603,1.4654343376399874,0.14281057618447873,0.005836576259568356,0.006268150793401798,0.9311480294494923,0.35178280337988443,0.11521356013297673,0.007460796639056211,15.442527883664608,1.2249721660518635e-53,0.01390422885235792,0.006180155634334785,2.24981856041147,0.024466058352870964,0.07863003385282374,0.007304400659541568,10.764748200129352,5.514650034350534e-27
0.216,0.016413907063295374,0.016176626780336045,33171,0.27977558903267313,0.016862009141312684,16.592067213817973,1.409676081092894e-61,-0.00156487192401646,0.022148714139112225,-0.07065294690191816,0.943674396166224,-0.09407371583851226,0.024464415153783062,-3.8453286231109898,0.00012061582646224172,0.04486540712125937,0.02415397045302231,1.8574754493684287,0.06325239900467985,0.005014726346660505,0.024091979899197303,0.20814920017543206,0.8351137504379453,-0.023415786474786895,0.007247565813179095,-3.230848408745352,0.0012354371097132181,0.13032380620372433,0.008448953382380811,15.424846167987813,1.7099010385827942e-53,0.028735786726838453,0.007137762249192355,4.025881743271841,5.688830908224323e-05,0.05879237519876408,0.008234850186857837,7.139458990109136,9.562317567365551e-13
0.27,0.01582548550166385,0.015540382803373554,27625,0.2556905659139566,0.019814878554193338,12.903968359667081,5.505686924472673e-38,0.005488195548584423,0.024815932927278826,0.22115612436039203,0.8249725061185066,-0.08260471653946147,0.027806108543370518,-2.9707399153182092,0.0029733890386104437,0.013310974323850484,0.027551593197317002,0.4831290237381524,0.6290079572762478,0.018955055459539915,0.027484096315630153,0.6896735931157472,0.4904052708267994,-0.059999344485380184,0.010360999151204675,-5.790884026701619,7.077517687049218e-09,0.12783426035412493,0.011462152411101602,11.152727321119182,8.003033893710559e-29,0.015677052864685872,0.01024659368909399,1.5299770187405612,0.12603387131383298,0.06961394214137331,0.00965398350895112,7.210903361998459,5.701049335781294e-13
0.324,0.014481270589466355,0.014175398854702093,25785,0.18846574775222494,0.021854301819518123,8.623736841773905,6.8466013483322915e-18,0.02998281599755874,0.025939504559188992,1.155874659407765,0.24774314269519948,-0.03578610930729345,0.0292468176739018,-1.2235898519388981,0.22111817478939216,0.05809106373129793,0.0291209836054438,1.994818050048232,0.04607323912957715,0.012350508834230592,0.02903384752048533,0.42538312655656396,0.6705609557041589,-0.10257620942137893,0.013951104600765695,-7.352551095900258,2.0025002638047083e-13,0.16684715754588972,0.01501736635803895,11.110280828740303,1.298616586156033e-28,0.04742494203320695,0.013950853029937428,3.399429549679634,0.0006762884378435709,0.04711112805153552,0.010330413408207858,4.560430080572009,5.128377064620592e-06
0.378,0.017307226098539297,0.016994813835337408,25173,0.12333505442626733,0.023426818817988804,5.264694937221343,1.4157419636751766e-07,-0.007664397683283621,0.026569609036535043,-0.28846482734256823,0.7729933263708042,-0.02762686147252671,0.03008175323539846,-0.9183926633643489,0.3584221327417215,0.06852910254779036,0.03002512604146739,2.282391835862588,0.02247452249444976,0.029887158534063124,0.029964868455368193,0.9974066323227544,0.31857676404548746,-0.14527607729693648,0.0168180625650237,-8.638098278874596,6.0489400178713865e-18,0.16597426189996367,0.01805695255438497,9.191709475897044,4.15688929755762e-20,0.030126405077905805,0.01703382954075302,1.768621965238593,0.07696909523785565,0.04074777466347988,0.010720699925282623,3.8008502194324474,0.0001445401938934538
0.432,0.021726578421854326,0.02141113354589197,24819,0.08035631991869316,0.024596788422222578,3.2669435756943477,0.0010886296889415683,-0.003558167706610418,0.02663291023251358,-0.13360040925105474,0.8937196441487683,-0.057824268598962336,0.030165270152023773,-1.9169153237330756,0.055260163088813534,0.0953566162060984,0.03019443947888809,3.15808532470926,0.0015899937414156368,0.0768980192884808,0.030233494686785066,2.543471076868021,0.010981729192453445,-0.23538832400488116,0.019361190591599096,-12.157740139545817,6.516917468958019e-34,0.1553856423488191,0.020927652532875728,7.424895941134356,1.1650160553209288e-13,0.02518022629631147,0.019888209874320818,1.2660881223313907,0.20549342232950527,0.03200820768455598,0.010846434869753023,2.9510348855563464,0.003170072449510244
0.486,0.023757164814522724,0.02343918335279538,24570,-0.029548284946521595,0.026053502705985408,-1.1341386714859385,0.25674745352414274,0.030242627685907908,0.026734788116549075,1.1312088038276784,0.2579782623832902,0.008512985395514691,0.030327498634562633,0.280701863945116,0.778941443305371,0.09859390258522158,0.030409752246107556,3.242180396186608,0.0011877710518181349,0.0755466862854357,0.030459412053365203,2.480241120645308,0.013136005654748747,-0.28036879955435223,0.02214710669654763,-12.65938722361676,1.2920359722672844e-36,0.1610387571267253,0.02406968580562954,6.690521780266062,2.271574384717039e-11,-0.0015331888485098934,0.02305128388940171,-0.06651208044922859,0.9469706815634311,0.028275021828971948,0.010960301108653628,2.579766883105757,0.009892458306557486
0.54,0.020486617775016813,0.02016511007970656,24382,-0.09462878897166403,0.028103918678964675,-3.3671030027030406,0.0007607973905145952,0.01973714622020665,0.027002832398346655,0.730928738476158,0.4648297075387453,0.03813069311715591,0.030674856942283363,1.243060177555226,0.21385761650894283,0.0637003923907756,0.03078726588078036,2.0690499974062977,0.038551911616283435,0.054545466625411564,0.030822676423364448,1.769653805406223,0.07679733090404946,-0.3040868525316145,0.025413929782945918,-11.965361324625707,6.672845720056532e-33,0.1783472777927197,0.02772333228066784,6.433111142165462,1.2733820620392394e-10,0.02124230962857713,0.0266875033831185,0.7959646626973059,0.42606032710478847,0.025609131761792834,0.011109339583723645,2.3051893921140834,0.02116432672884305
0.594,0.022644617027226643,0.022322124015728195,24254,-0.1623751809587783,0.030214029678986613,-5.374165004931722,7.764805225259318e-08,-0.0026798511214431897,0.02739867452607858,-0.097809516985665,0.9220843586875221,0.06408006552356972,0.0311467801980278,2.0573576182242825,0.03966250918981779,0.05926588998955795,0.03127197640626479,1.8951757068250112,0.05808101133927887,0.039929277754301426,0.03128607504252757,1.2762635677382044,0.2018745895580364,-0.33562744699688485,0.02850228552151729,-11.775457331079956,6.381967779026847e-32,0.2030663344335494,0.031319739171366934,6.483653434099996,9.125037219709915e-11,0.03382369388731644,0.03024327452455155,1.1183872916888777,0.26341270047583043,0.03836837854285479,0.011292848535209371,3.3975819673156926,0.0006809346554185621
0.648,0.020285359980988016,0.019960440110324162,24131,-0.2403790268154175,0.032237732266490744,-7.456449629531715,9.187915368192181e-14,0.015186459749357957,0.027427673746775613,0.55369113288885,0.5797953768113526,0.058067378775012876,0.031183722166670334,1.8621054428542925,0.06260037931946605,0.06374117394308318,0.03132914764617204,2.0345645742734213,0.04190561921235297,0.03842945486154241,0.03134126396381715,1.2261616157506738,0.2201498322064367,-0.3501420235671562,0.03176232754271383,-11.023815024144147,3.425565821499356e-28,0.15868188618855547,0.03488785467161216,4.548341756240835,5.433338010305588e-06,-0.013224008842660956,0.03379390176169898,-0.39131346643283016,0.6955690024499832,0.01370976780882959,0.011321956051343758,1.210900991547519,0.2259452161054561
0.702,0.022462103346551188,0.0221363659601288,24017,-0.25528960634364595,0.034637452084083795,-7.370334449656409,1.7570031188616128e-13,0.0379554488055726,0.027239437684540863,1.3934005997162477,0.16351158385691314,0.09129382618484867,0.03095257041771615,2.949474791683063,0.0031862149232770223,0.047650886366552125,0.031080717946143123,1.5331333867229806,0.12525616967067807,0.03370935833221144,0.03111118796581515,1.0835124126166815,0.2785919256858129,-0.4335063276069405,0.03549557857413121,-12.21296693901125,3.348553756680071e-34,0.20723049850481431,0.038579768143696666,5.37148117979741,7.88185653891431e-08,0.024702339634444168,0.03746288054763352,0.659381747301452,0.5096569846861246,0.009944200788745224,0.011243507166279514,0.8844394050433791,0.3764679163590676
0.756,0.021251569951875382,0.020923763394042894,23895,-0.3165117019303486,0.037513264700061576,-8.437327554960287,3.42832355905409e-17,0.0034282528097064353,0.02750112599869301,0.12465863433625818,0.9007948558990133,0.08184438302113495,0.03125168757343575,2.618878831065222,0.008827498794397821,-0.001815985195508946,0.03136737720525615,-0.0578940720362379,0.9538334893109379,-0.004253592545587867,0.031402484970749434,-0.1354540110296995,0.892254064347672,-0.38095935224133093,0.03959131141634294,-9.622296878099226,7.053993996443026e-22,0.21236007012237537,0.0424191276239675,5.006233791625372,5.590004446782256e-07,0.024565253047182004,0.041253711612571214,0.5954677067092371,0.5515365207009655,0.013647159544707547,0.011350727985094441,1.2023157953065862,0.22925311816829932
0.8099999999999999,0.023763805363240298,0.02343485710458082,23751,-0.29644143220215285,0.04023817000891447,-7.367169832437172,1.799745704132583e-13,-0.02531964816934146,0.027845491008796765,-0.9092907775029948,0.3632058877445372,0.0487056730942029,0.031626449239906144,1.5400297619483079,0.12356642589717727,-0.01896710893464049,0.031739430405464,-0.5975881952618554,0.5501204422647108,-0.04612710096625764,0.03177549676264918,-1.4516563284851047,0.14661040128503286,-0.4236761646564684,0.04338737924029007,-9.76496326984962,1.7546720789324055e-22,0.1863871139774495,0.04679419112444755,3.9831250310911317,6.82176871268736e-05,-0.014074029578470962,0.04563128947703528,-0.3084293637056642,0.7577583472892169,0.01492364240428428,0.011488412661006545,1.2990169177102628,0.19395073840069008
0.864,0.02531448476337872,0.02498346573969501,23565,-0.36461320406252906,0.044296928696430836,-8.23111702757639,1.9499485605928425e-16,0.012592817288370523,0.028203001287657254,0.4465062834954958,0.6552356792882625,0.08862883911626758,0.032030822715923085,2.766986034117963,0.005662130207399529,0.006009597479776297,0.032138905167714685,0.18698824519427848,0.8516714597338936,0.0016562562445506218,0.03216715929235573,0.05148904289301722,0.9589362693573634,-0.4272489401887077,0.0490987684414975,-8.701826008075667,3.475856714881713e-18,0.21003081042142133,0.0540075085167434,3.88891871129933,0.00010096815798393924,-0.007790787909102708,0.052829222870386314,-0.14747118139929846,0.8827613870506601,0.0018588327110388764,0.011636811129692842,0.15973729317440086,0.8730893919479292
0.918,0.0297460322631099,0.029406945646452853,22900,-0.41537440130388464,0.0569182581123327,-7.2977356489741885,3.021915371581925e-13,-0.03177807562259341,0.028742388534188437,-1.1056170778846055,0.26890391454567925,0.09652075069837501,0.032568839191669266,2.963591982211755,0.003043840943727241,-0.021063182267481044,0.032677373611383675,-0.6445800240244325,0.5192058426337521,0.020955739293123013,0.032686449885047944,0.6411139590509334,0.5214550639638524,-0.37398135649261244,0.0660707781246335,-5.660314092065749,1.5290359972401558e-08,0.306334629911508,0.06976380629192805,4.391025177577677,1.1332302858772048e-05,0.07019319106386654,0.06840866592109192,1.0260862438807539,0.3048617762605327,0.002785155434162854,0.011842072761761767,0.23519154882717522,0.8140621689126121
0.972,0.033669984433502886,0.033332269168790396,22900,-0.30829570877686185,0.0577925318997106,-5.334525044029187,9.670447771529526e-08,-0.025531435595681242,0.02918387633995506,-0.8748473060354448,0.3816661722572131,0.11733602027609961,0.033069101907622495,3.548207042449297,0.00038863923993835806,-0.060731856843671064,0.03317930343383895,-1.830413859193071,0.0672010715091176,-0.013470118478963527,0.03318851912055652,-0.40586681285879717,0.6848442574297582,-0.5226722828050971,0.06708563612172867,-7.791120618677512,6.92307552792233e-15,0.2882979604197161,0.07083538980786011,4.06997069122821,4.717681336556166e-05,0.03191044510068005,0.06945943425849022,0.45941124400649075,0.6459432379576409,0.0149576532341139,0.012023968943183857,1.2439863496647743,0.2135173249603671
1.026,0.03241239197421131,0.03206690208962282,22414,-0.3924309533858428,0.06471313055317729,-6.064162713676277,1.3476653624125128e-09,-0.030808866077464702,0.02985521402909547,-1.0319425627778065,0.3021101643328129,0.13004189589940796,0.03379435523369123,3.8480360107525557,0.00011939867078148693,-0.03628109491866747,0.03386922957742519,-1.0712111072892503,0.2840860572925604,-0.0015894473511548696,0.03388885729865463,-0.046901768836506916,0.9625919363411776,-0.4573361779294834,0.0762560326020283,-5.997377024795791,2.0360416306184924e-09,0.3604487829064525,0.07973886679182998,4.520365004025665,6.204898976822004e-06,0.10094695997187633,0.07825772476286655,1.289929655861601,0.19708839679713258,-0.004368946185401682,0.012283355282749892,-0.3556801936305794,0.7220834280578777
1.08,0.03972131889249042,0.039369986712445515,21875,-0.4364050810034034,0.07156312167488685,-6.098183963885802,1.0907964835964614e-09,-0.00012065489124305467,0.03028976893546035,-0.003983354627106565,0.9968217875857404,0.14434367730053307,0.03420311186570683,4.2201913635015424,2.4507922102655016e-05,-0.022068189293851213,0.03432387434268398,-0.6429399278626299,0.5202698216498765,-0.003941501639435913,0.03433790721417282,-0.11478572688929266,0.9086160165140863,-0.4397608054030807,0.08549227546533518,-5.143865957590425,2.714645382847173e-07,0.3975798471523635,0.09051646424555182,4.392348402759241,1.126595043033063e-05,0.09945266733713873,0.08890226366485739,1.1186741848560136,0.2632914513838863,-0.004006939267589029,0.012464829869142104,-0.32145960351280817,0.7478651933115237
1.134,0.04120977624656985,0.040847712437741546,21194,-0.43628657068236176,0.07685802082395705,-5.676526223355063,1.3925486287128767e-08,-0.007420039090060626,0.03116455730111012,-0.23809223466159474,0.8118118600939825,0.1554847007224396,0.035027240302313356,4.438965199098791,9.0848747993878e-06,-0.05562503200886499,0.03515802249839923,-1.582143364616074,0.11363177386765021,-0.032146197438557136,0.03515621594411324,-0.9143816129033615,0.36052676670374784,-0.4228742851034979,0.09177502959133536,-4.607727036281143,4.094659292552391e-06,0.4864385638270676,0.09844387580009735,4.941278061977591,7.820397340569628e-07,0.17797761411509433,0.09673311287545643,1.8398830434025206,0.06579939140330984,0.005785560347918339,0.012751684288300756,0.4537095035536911,0.6500425733239521
1.188,0.04285258337230746,0.042478989532874434,20505,-0.3462891748956063,0.08097021313389549,-4.27674772601832,1.905018262195802e-05,-0.08647791529244708,0.031763832553727334,-2.722527741139956,0.006483937690593399,0.12935028439911886,0.03567029714924551,3.626274372145365,0.00028823696160639687,-0.06445928277530015,0.035824593993144714,-1.7993025346675215,0.07198554063832259,-0.06895979864764805,0.03579254540187816,-1.9266525438011874,0.05403675520679928,-0.4909067395020988,0.09702039389245738,-5.0598304109777805,4.232552599356534e-07,0.3660227806283084,0.10188585702932279,3.5924787924487585,0.0003283140692627732,0.06016232460282978,0.10013838351633308,0.6007918491416131,0.547985277128121,0.0064338376541078005,0.012985158099600335,0.4954762664234196,0.6202692832033243
1.242,0.04203739524628902,0.04164886795412026,19734,-0.37658475831505756,0.08512283009369008,-4.424015953188717,9.740147687523052e-06,-0.07980512579679422,0.032779947024474,-2.4345715304912026,0.014918239580406108,0.10287211834658638,0.03675705199757288,2.798704269139407,0.005135789675684823,-0.0994860618560216,0.03681094410158027,-2.7026218502162984,0.0068853841048689595,-0.055415737113649416,0.03681716357728911,-1.505160412407026,0.1322988521728187,-0.44766343788416196,0.10236354366780885,-4.373270227307914,1.2302596889967913e-05,0.32852423853449075,0.1096903951986956,2.9950137196551685,0.0027477311808413556,0.028408386407540773,0.10787087623622868,0.26335548016990845,0.7922793522128724,0.004936879947827601,0.013340700783490611,0.37006151535435755,0.7113406291983184
1.296,0.04863667828864959,0.04823366496729975,18894,-0.4808147511883548,0.0929467649671931,-5.173012222190469,2.327042372437576e-07,-0.05750452157613526,0.0340998833668567,-1.6863553742247295,0.09174388901397969,0.17853751320208008,0.038141309275706345,4.680948729670312,2.875334619885631e-06,-0.08921143627266448,0.038154380964614404,-2.338170192183226,0.01938880189959517,-0.008655515578332093,0.038167106026605155,-0.22677945695695634,0.8205976931041775,-0.38133382544003885,0.11301488988463362,-3.374191009957246,0.0007418186066031882,0.41230725885880753,0.12387066976124746,3.328530148852045,0.0008747247273879895,0.07887550411300837,0.12185954362489758,0.6472657107251222,0.5174678570489175,-0.007789636007834906,0.013818682974975804,-0.5637032141153485,0.5729628230152557
1.35,0.04790822430401265,0.047462905419215606,17113,-0.28773919726385433,0.10803622312432598,-2.6633585379297244,0.007743739467677202,-0.06886881890688785,0.03667823949702433,-1.8776478874476816,0.060446352442274746,0.1722249419671042,0.040546840339827854,4.24755518614192,2.172581977592144e-05,-0.12156454927815141,0.0405547454536901,-2.997541913238422,0.002725572255733476,-0.017169905022691813,0.0406487113274498,-0.4223972780927274,0.6727403738449949,-0.6447776828671745,0.13120132845179647,-4.914414285858902,8.987239850089223e-07,0.48238022377793094,0.1492688969082962,3.2316191368003655,0.0012332394240266264,0.15444118654923047,0.14688872656409438,1.0514161989268835,0.2930823333721842,-0.011694637794938513,0.014689695457236866,-0.7961116572486301,0.42597818810500965
1.404,0.05183012738484616,0.05138664287941341,17113,-0.3241817908485399,0.10759446793220731,-3.0129968304020895,0.002590600938491055,-0.047731623083318596,0.0365282638474967,-1.3067038521895056,0.1913308787572138,0.2131256702038238,0.04038104615778288,5.2778640100374625,1.322936417538891e-07,-0.10885577507157158,0.04038891894799486,-2.695189123822187,0.007041744209521718,0.02039867435659591,0.04048250059957967,0.5038886939906008,0.6143460859042091,-0.6219829548850829,0.1306648521998476,-4.760139734699124,1.9504192328463035e-06,0.4637345983265249,0.1486585431924394,3.119461474381715,0.0018148300164346355,0.12364516276060233,0.14628810525628805,0.8452167901415045,0.39800163251522314,-0.025420572049552437,0.014629629962061153,-1.7376086828904973,0.0822977880674878
1.458,0.05256191205113914,0.05209139838153898,16118,-0.3320413123137974,0.12783509507619117,-2.5974190586387644,0.00940126711969615,-0.02574018569938634,0.03802427567875672,-0.6769408552801647,0.4984532013605524,0.21503073892046062,0.04187183059874956,5.1354511098657865,2.8474877189865113e-07,-0.08904232043587153,0.04183198586312492,-2.1285702459170777,0.03330496304475661,-0.018946170663958886,0.041981378086982234,-0.4512993981451456,0.6517798536808612,-0.5920142374905492,0.1558462778679028,-3.7987062995007657,0.00014598776134496625,0.36606940202856453,0.17312179570677985,2.1145194372208582,0.03448624501991177,0.009957065927888788,0.17038462778518731,0.05843875740035758,0.9533998684165463,-0.026197508432037372,0.015153930552179078,-1.728759963748829,0.08387122452604745
1.512,0.051235024423495035,0.050732700147875454,15119,-0.3047943282557255,0.14539816786677587,-2.0962735138107087,0.03607452315702059,-0.04866803765536074,0.040093244031239914,-1.21387128508333,0.22481585224920778,0.17237028954352293,0.04394941134171622,3.922015887842194,8.819931892773474e-05,-0.13054753709105038,0.043860861693543196,-2.9764015582545755,0.002921146753341158,-0.05739013701518552,0.044017640240359375,-1.3037985839723645,0.19232212826095835,-0.5910070210196623,0.18060006166679118,-3.272463007848114,0.0010685408120332926,0.43789162311712726,0.19653369581468955,2.2280740272142068,0.025890239556252543,0.08288073248322288,0.1934979862041128,0.428328656587648,0.6684179635398251,-0.011935943503900077,0.015864684311979373,-0.7523593453975812,0.45184670802326965
1.566,0.056978565199557685,0.0564452197433255,14154,-0.436323080429131,0.18184549359872246,-2.3994165145052366,0.016434078206818473,-0.016214253242682955,0.04234914880745458,-0.38287081793315325,0.7018213027061331,0.2766261373087498,0.046168534387534634,5.991659492302143,2.1275434579014076e-09,-0.05675947236178918,0.045947705811587455,-1.2353059061215441,0.2167371933464208,0.022493138022041094,0.04617587522959084,0.487118823632537,0.626181675865111,-0.4706637802213578,0.2308666414087682,-2.0386824937086048,0.04150028114920452,0.10996998904012191,0.26230118425153054,0.41925082936212565,0.6750391944025524,-0.2666702227482265,0.25835499067296414,-1.0321852968800904,0.30200296898980256,-0.053809565596330336,0.016600226905718104,-3.2414957880964343,0.0011917939879505458
1.6199999999999999,0.05381344597447135,0.05323711793790942,13143,-0.19187458031232693,0.19765915697288938,-0.9707345880193354,0.3316983394415316,-0.03934977832550539,0.044377441176647506,-0.8867067880022835,0.3752530183242302,0.1768959903162895,0.048207628687828415,3.6694605217317533,0.0002440246962996836,-0.16003700892215264,0.04778723875079718,-3.3489486546130043,0.0008134700150782092,-0.07879876647878421,0.04815000361225976,-1.6365266992154657,0.10175336175134858,-0.67640762816863,0.24740668951376404,-2.733990861354617,0.0062655616251386615,0.2815691519346405,0.2909706401584256,0.9676892204015283,0.3332174217223217,-0.0846592614715011,0.2866815030062279,-0.29530772157861174,0.7677634864279066,-0.014547917838899695,0.017299777099909642,-0.8409309411839578,0.4004019326389615
1.674,0.05200431528737026,0.05137613956653031,12082,-0.35590724139129165,0.19787282709618081,-1.79866658102729,0.07209640597239943,0.024409227096900826,0.0469316679748208,0.5201014187264038,0.6030024260200552,0.23711229294538855,0.05088353234255023,4.659902369771381,3.19742111999413e-06,-0.06591181251156132,0.05016356778192729,-1.3139378920992086,0.18889207100492722,0.0006918241757660044,0.05063521798149909,0.013662905055899642,0.9890991439195167,-0.5525942489230876,0.24733846206336985,-2.2341622257742877,0.02549063440567605,0.29143636559581404,0.29089118035080064,1.0018741896689887,0.3164244391559334,-0.07572975799389063,0.2866113578255143,-0.26422455330606276,0.791611402416536,-0.04639401429077946,0.018179972825118098,-2.551929793133675,0.010725019053189616
1.728,0.05001344027955934,0.049321093328865806,10986,-0.3572201043502407,0.23143135489678135,-1.5435250962842149,0.12273224958733801,-0.00758394038615168,0.04937779693408605,-0.1535900922488585,0.8779357727876116,0.1682247303443969,0.05344395673011132,3.14768480174328,0.0016500957911936684,-0.07830935110819703,0.05239245189754412,-1.49466856907813,0.13502970616096002,-0.02787998933757028,0.05298642605899113,-0.5261722937593637,0.5987791326741102,-0.46668007025350483,0.28975444582915705,-1.6106053831825082,0.10729451216284369,-0.08886440825975853,0.3405048287189239,-0.26097840842402065,0.7941140537670648,-0.4357679390655051,0.3354572865904912,-1.2990266018501126,0.19396208467173895,-0.04649112929948266,0.019057938073989315,-2.439462712019972,0.014724845260528946
1.782,0.05843092026048324,0.05767212579710901,9936,-0.5490054053361634,0.2971628507032004,-1.847490034629186,0.06470588389452663,0.03470093126409885,0.053411405245152435,0.6496914115033188,0.5159066052902979,0.2120024587435007,0.05787273592036929,3.6632527453896104,0.00025032868412864243,-0.11048923712668166,0.05625709617543583,-1.9640053368934072,0.049557335021098645,0.0018643290120048533,0.05700718692018522,0.0327034030746872,0.9739117675616003,-0.23322020745357855,0.38680128193523694,-0.6029457976114649,0.5465585217918758,0.3690807921833931,0.4984004315222886,0.7405306433144365,0.4589955889584173,-0.018487656568254435,0.4910036461735944,-0.037652788756925286,0.969965275507486,-0.05052326071932501,0.020518002919108692,-2.4623868569719334,0.013818432224797879
1.836,0.05757077313177095,0.056628579453322336,8011,0.26129507972058863,0.3959605121815425,0.6599018631453543,0.5093358010957592,-0.027498833353607602,0.060207001533712994,-0.4567381309997574,0.647871677289253,0.07180209461788033,0.06562123494532056,1.0941899322332171,0.2739046212457085,-0.15447864990167934,0.06261553087272607,-2.4670979826981996,0.013642092616238161,-0.07489623433251194,0.06359506359377864,-1.1777051566599717,0.23894919500910822,-1.2769694886825282,0.5116333250097995,-2.4958684789699146,0.012584891021402483,1.1690331337748072,0.5953011058408718,1.9637677845794193,0.049591597924479695,0.7843523375292374,0.5864573708610371,1.3374413495351771,0.18111662760867886,-0.02767754654597843,0.022977779848824008,-1.2045352826981217,0.22841837830721798
1.89,0.05767506717983517,0.0567329777693677,8011,0.12067807972398649,0.40124779759457224,0.30075698968925363,0.7636076216289929,-0.0003309964265048072,0.06101094937997072,-0.005425197114101456,0.9956714754547763,0.11560283673810562,0.06649747938797931,1.738454416649709,0.08216923846521779,-0.18364164077215647,0.06345163996145432,-2.8941984932732283,0.003811549262092089,-0.09221089372701466,0.06444425244401913,-1.4308629587582788,0.15250854399597807,-0.9749859980387834,0.5184651967063992,-1.8805235225671406,0.06007305206105828,0.3753153452755885,0.6032501986328062,0.6221553612849121,0.5338574413482892,-0.014539739085319185,0.5942883727082509,-0.024465797671692057,0.9804816750960456,0.00910934341542955,0.02328460357614254,0.3912174577351622,0.6956469213036678
1.944,,,7124,,,,,,,,,,,,,,,,,,,,,,,,,,,,,,,,,,,,
1.998,,,6333,,,,,,,,,,,,,,,,,,,,,,,,,,,,,,,,,,,,
2.052,,,5634,,,,,,,,,,,,,,,,,,,,,,,,,,,,,,,,,,,,
2.106,,,4949,,,,,,,,,,,,,,,,,,,,,,,,,,,,,,,,,,,,
2.16,,,4397,,,,,,,,,,,,,,,,,,,,,,,,,,,,,,,,,,,,
2.214,,,3844,,,,,,,,,,,,,,,,,,,,,,,,,,,,,,,,,,,,
2.268,,,3422,,,,,,,,,,,,,,,,,,,,,,,,,,,,,,,,,,,,
2.322,,,2985,,,,,,,,,,,,,,,,,,,,,,,,,,,,,,,,,,,,
2.376,,,2612,,,,,,,,,,,,,,,,,,,,,,,,,,,,,,,,,,,,
2.43,,,2012,,,,,,,,,,,,,,,,,,,,,,,,,,,,,,,,,,,,
2.484,,,2012,,,,,,,,,,,,,,,,,,,,,,,,,,,,,,,,,,,,
2.538,,,1765,,,,,,,,,,,,,,,,,,,,,,,,,,,,,,,,,,,,
2.592,,,1536,,,,,,,,,,,,,,,,,,,,,,,,,,,,,,,,,,,,
2.646,,,1348,,,,,,,,,,,,,,,,,,,,,,,,,,,,,,,,,,,,
2.7,,,996,,,,,,,,,,,,,,,,,,,,,,,,,,,,,,,,,,,,
2.754,,,996,,,,,,,,,,,,,,,,,,,,,,,,,,,,,,,,,,,,
2.808,,,850,,,,,,,,,,,,,,,,,,,,,,,,,,,,,,,,,,,,
2.862,,,725,,,,,,,,,,,,,,,,,,,,,,,,,,,,,,,,,,,,
2.916,,,611,,,,,,,,,,,,,,,,,,,,,,,,,,,,,,,,,,,,
2.9699999999999998,,,520,,,,,,,,,,,,,,,,,,,,,,,,,,,,,,,,,,,,
3.024,,,434,,,,,,,,,,,,,,,,,,,,,,,,,,,,,,,,,,,,
3.078,,,370,,,,,,,,,,,,,,,,,,,,,,,,,,,,,,,,,,,,
3.132,,,323,,,,,,,,,,,,,,,,,,,,,,,,,,,,,,,,,,,,
3.186,,,277,,,,,,,,,,,,,,,,,,,,,,,,,,,,,,,,,,,,
3.2399999999999998,,,232,,,,,,,,,,,,,,,,,,,,,,,,,,,,,,,,,,,,
3.294,,,199,,,,,,,,,,,,,,,,,,,,,,,,,,,,,,,,,,,,
3.348,,,176,,,,,,,,,,,,,,,,,,,,,,,,,,,,,,,,,,,,
3.402,,,126,,,,,,,,,,,,,,,,,,,,,,,,,,,,,,,,,,,,
3.456,,,126,,,,,,,,,,,,,,,,,,,,,,,,,,,,,,,,,,,,
3.51,,,106,,,,,,,,,,,,,,,,,,,,,,,,,,,,,,,,,,,,
3.564,,,91,,,,,,,,,,,,,,,,,,,,,,,,,,,,,,,,,,,,
3.618,,,74,,,,,,,,,,,,,,,,,,,,,,,,,,,,,,,,,,,,
3.672,,,54,,,,,,,,,,,,,,,,,,,,,,,,,,,,,,,,,,,,
3.726,,,54,,,,,,,,,,,,,,,,,,,,,,,,,,,,,,,,,,,,
3.78,,,45,,,,,,,,,,,,,,,,,,,,,,,,,,,,,,,,,,,,
3.834,,,42,,,,,,,,,,,,,,,,,,,,,,,,,,,,,,,,,,,,
3.888,,,37,,,,,,,,,,,,,,,,,,,,,,,,,,,,,,,,,,,,
3.942,,,27,,,,,,,,,,,,,,,,,,,,,,,,,,,,,,,,,,,,
3.996,,,27,,,,,,,,,,,,,,,,,,,,,,,,,,,,,,,,,,,,
4.05,,,26,,,,,,,,,,,,,,,,,,,,,,,,,,,,,,,,,,,,
4.104,,,20,,,,,,,,,,,,,,,,,,,,,,,,,,,,,,,,,,,,
4.158,,,14,,,,,,,,,,,,,,,,,,,,,,,,,,,,,,,,,,,,
4.212,,,14,,,,,,,,,,,,,,,,,,,,,,,,,,,,,,,,,,,,
4.266,,,12,,,,,,,,,,,,,,,,,,,,,,,,,,,,,,,,,,,,
4.32,,,11,,,,,,,,,,,,,,,,,,,,,,,,,,,,,,,,,,,,
4.374,,,11,,,,,,,,,,,,,,,,,,,,,,,,,,,,,,,,,,,,
4.428,,,10,,,,,,,,,,,,,,,,,,,,,,,,,,,,,,,,,,,,
4.482,,,9,,,,,,,,,,,,,,,,,,,,,,,,,,,,,,,,,,,,
4.536,,,7,,,,,,,,,,,,,,,,,,,,,,,,,,,,,,,,,,,,
4.59,,,5,,,,,,,,,,,,,,,,,,,,,,,,,,,,,,,,,,,,
4.644,,,5,,,,,,,,,,,,,,,,,,,,,,,,,,,,,,,,,,,,
4.6979999999999995,,,4,,,,,,,,,,,,,,,,,,,,,,,,,,,,,,,,,,,,
4.752,,,4,,,,,,,,,,,,,,,,,,,,,,,,,,,,,,,,,,,,
4.806,,,4,,,,,,,,,,,,,,,,,,,,,,,,,,,,,,,,,,,,
4.86,,,2,,,,,,,,,,,,,,,,,,,,,,,,,,,,,,,,,,,,
4.914,,,2,,,,,,,,,,,,,,,,,,,,,,,,,,,,,,,,,,,,
4.968,,,2,,,,,,,,,,,,,,,,,,,,,,,,,,,,,,,,,,,,
5.022,,,2,,,,,,,,,,,,,,,,,,,,,,,,,,,,,,,,,,,,
5.076,,,2,,,,,,,,,,,,,,,,,,,,,,,,,,,,,,,,,,,,
5.13,,,2,,,,,,,,,,,,,,,,,,,,,,,,,,,,,,,,,,,,
5.184,,,2,,,,,,,,,,,,,,,,,,,,,,,,,,,,,,,,,,,,
5.2379999999999995,,,2,,,,,,,,,,,,,,,,,,,,,,,,,,,,,,,,,,,,
5.292,,,2,,,,,,,,,,,,,,,,,,,,,,,,,,,,,,,,,,,,
5.346,,,2,,,,,,,,,,,,,,,,,,,,,,,,,,,,,,,,,,,,
5.4,,,2,,,,,,,,,,,,,,,,,,,,,,,,,,,,,,,,,,,,
